	model_type	learning_rate	hidden_size	batch_size	pooling_style	准确率
529	bert	0.00001	256	64	max	0.904
535	bert	0.00001	512	64	max	0.901
633	bert_cnn	0.00001	768	128	max	0.901
523	bert	0.00001	128	64	max	0.9
531	bert	0.00001	256	128	max	0.9
562	bert_lstm	0.0001	128	256	avg	0.9
643	bert_cnn	0.00001	768	64	max	0.9
355	gated_cnn	0.0001	512	64	max	0.899
403	stack_gated_cnn	0.0001	256	64	max	0.899
525	bert	0.00001	128	128	max	0.899
533	bert	0.00001	256	256	max	0.899
639	bert_cnn	0.00001	768	128	max	0.899
121	lstm	0.001	512	64	max	0.898
509	bert	0.0001	128	256	max	0.898
641	bert_cnn	0.00001	768	256	max	0.898
399	stack_gated_cnn	0.0001	128	128	max	0.897
405	stack_gated_cnn	0.0001	256	128	max	0.897
459	rcnn	0.0001	256	128	max	0.897
461	rcnn	0.0001	256	256	max	0.897
522	bert	0.00001	128	64	avg	0.897
351	gated_cnn	0.0001	256	128	max	0.896
407	stack_gated_cnn	0.0001	256	256	max	0.896
427	stack_gated_cnn	0.00001	512	64	max	0.896
515	bert	0.0001	256	256	max	0.896
637	bert_cnn	0.00001	768	64	max	0.896
231	rnn	0.001	512	128	max	0.895
297	cnn	0.0001	256	128	max	0.895
328	gated_cnn	0.001	128	256	avg	0.895
357	gated_cnn	0.0001	512	128	max	0.895
373	gated_cnn	0.00001	512	64	max	0.895
409	stack_gated_cnn	0.0001	512	64	max	0.895
464	rcnn	0.0001	512	128	avg	0.895
521	bert	0.0001	512	256	max	0.895
19	cnn	0.0001	128	64	max	0.894
23	cnn	0.0001	128	256	max	0.894
249	rnn	0.0001	512	128	max	0.894
530	bert	0.00001	256	128	avg	0.894
536	bert	0.00001	512	128	avg	0.894
631	bert_cnn	0.00001	768	64	max	0.894
645	bert_cnn	0.00001	768	128	max	0.894
25	cnn	0.0001	256	64	max	0.893
29	cnn	0.0001	256	256	max	0.893
35	cnn	0.0001	512	256	max	0.893
278	cnn	0.001	256	128	avg	0.893
295	cnn	0.0001	256	64	max	0.893
300	cnn	0.0001	512	64	avg	0.893
411	stack_gated_cnn	0.0001	512	128	max	0.893
517	bert	0.0001	512	64	max	0.893
534	bert	0.00001	512	64	avg	0.893
537	bert	0.00001	512	128	max	0.893
539	bert	0.00001	512	256	max	0.893
647	bert_cnn	0.00001	768	256	max	0.893
685	bert_mid_layer	0.00001	128	64	max	0.893
11	cnn	0.001	256	256	max	0.892
31	cnn	0.0001	512	64	max	0.892
299	cnn	0.0001	256	256	max	0.892
350	gated_cnn	0.0001	256	128	avg	0.892
353	gated_cnn	0.0001	256	256	max	0.892
359	gated_cnn	0.0001	512	256	max	0.892
434	rcnn	0.001	128	128	avg	0.892
527	bert	0.00001	128	256	max	0.892
528	bert	0.00001	256	64	avg	0.892
623	bert_cnn	0.0001	768	256	max	0.892
642	bert_cnn	0.00001	768	64	avg	0.892
9	cnn	0.001	256	128	max	0.891
70	fast_text	0.001	512	256	avg	0.891
133	lstm	0.0001	256	64	max	0.891
221	rnn	0.001	128	256	max	0.891
233	rnn	0.001	512	256	max	0.891
275	cnn	0.001	128	256	max	0.891
291	cnn	0.0001	128	128	max	0.891
345	gated_cnn	0.0001	128	128	max	0.891
354	gated_cnn	0.0001	512	64	avg	0.891
375	gated_cnn	0.00001	512	128	max	0.891
395	stack_gated_cnn	0.001	512	256	max	0.891
467	rcnn	0.0001	512	256	max	0.891
505	bert	0.0001	128	64	max	0.891
583	bert_lstm	0.00001	256	64	max	0.891
5	cnn	0.001	128	256	max	0.89
17	cnn	0.001	512	256	max	0.89
33	cnn	0.0001	512	128	max	0.89
62	fast_text	0.001	256	128	avg	0.89
123	lstm	0.001	512	128	max	0.89
167	gru	0.001	128	256	max	0.89
229	rnn	0.001	512	64	max	0.89
301	cnn	0.0001	512	64	max	0.89
389	stack_gated_cnn	0.001	256	256	max	0.89
413	stack_gated_cnn	0.0001	512	256	max	0.89
442	rcnn	0.001	256	256	avg	0.89
457	rcnn	0.0001	256	64	max	0.89
481	rcnn	0.00001	512	64	max	0.89
507	bert	0.0001	128	128	max	0.89
524	bert	0.00001	128	128	avg	0.89
613	bert_cnn	0.0001	768	64	max	0.89
625	bert_cnn	0.0001	768	64	max	0.89
635	bert_cnn	0.00001	768	256	max	0.89
686	bert_mid_layer	0.00001	128	128	avg	0.89
21	cnn	0.0001	128	128	max	0.889
49	cnn	0.00001	512	64	max	0.889
134	lstm	0.0001	256	128	avg	0.889
135	lstm	0.0001	256	128	max	0.889
193	gru	0.0001	512	64	max	0.889
247	rnn	0.0001	512	64	max	0.889
305	cnn	0.0001	512	256	max	0.889
319	cnn	0.00001	512	64	max	0.889
347	gated_cnn	0.0001	128	256	max	0.889
348	gated_cnn	0.0001	256	64	avg	0.889
349	gated_cnn	0.0001	256	64	max	0.889
402	stack_gated_cnn	0.0001	256	64	avg	0.889
465	rcnn	0.0001	512	128	max	0.889
513	bert	0.0001	256	128	max	0.889
579	bert_lstm	0.00001	128	128	max	0.889
588	bert_lstm	0.00001	512	64	avg	0.889
630	bert_cnn	0.00001	768	64	avg	0.889
667	bert_mid_layer	0.0001	128	64	max	0.889
677	bert_mid_layer	0.0001	256	256	max	0.889
687	bert_mid_layer	0.00001	128	128	max	0.889
690	bert_mid_layer	0.00001	256	64	avg	0.889
696	bert_mid_layer	0.00001	512	64	avg	0.889
1	cnn	0.001	128	64	max	0.888
7	cnn	0.001	256	64	max	0.888
27	cnn	0.0001	256	128	max	0.888
56	fast_text	0.001	128	128	avg	0.888
212	gru	0.00001	512	128	avg	0.888
277	cnn	0.001	256	64	max	0.888
279	cnn	0.001	256	128	max	0.888
342	gated_cnn	0.0001	128	64	avg	0.888
343	gated_cnn	0.0001	128	64	max	0.888
379	stack_gated_cnn	0.001	128	64	max	0.888
397	stack_gated_cnn	0.0001	128	64	max	0.888
435	rcnn	0.001	128	128	max	0.888
451	rcnn	0.0001	128	64	max	0.888
453	rcnn	0.0001	128	128	max	0.888
519	bert	0.0001	512	128	max	0.888
526	bert	0.00001	128	256	avg	0.888
573	bert_lstm	0.0001	512	128	max	0.888
590	bert_lstm	0.00001	512	128	avg	0.888
673	bert_mid_layer	0.0001	256	64	max	0.888
698	bert_mid_layer	0.00001	512	128	avg	0.888
139	lstm	0.0001	512	64	max	0.887
219	rnn	0.001	128	128	max	0.887
227	rnn	0.001	256	256	max	0.887
281	cnn	0.001	256	256	max	0.887
289	cnn	0.0001	128	64	max	0.887
358	gated_cnn	0.0001	512	256	avg	0.887
412	stack_gated_cnn	0.0001	512	256	avg	0.887
585	bert_lstm	0.00001	256	128	max	0.887
617	bert_cnn	0.0001	768	256	max	0.887
624	bert_cnn	0.0001	768	64	avg	0.887
632	bert_cnn	0.00001	768	128	avg	0.887
634	bert_cnn	0.00001	768	256	avg	0.887
638	bert_cnn	0.00001	768	128	avg	0.887
671	bert_mid_layer	0.0001	128	256	max	0.887
683	bert_mid_layer	0.0001	512	256	max	0.887
0	cnn	0.001	128	64	avg	0.886
54	fast_text	0.001	128	64	avg	0.886
64	fast_text	0.001	256	256	avg	0.886
115	lstm	0.001	256	64	max	0.886
116	lstm	0.001	256	128	avg	0.886
122	lstm	0.001	512	128	avg	0.886
127	lstm	0.0001	128	64	max	0.886
165	gru	0.001	128	128	max	0.886
175	gru	0.001	512	64	max	0.886
190	gru	0.0001	256	256	avg	0.886
196	gru	0.0001	512	256	avg	0.886
243	rnn	0.0001	256	128	max	0.886
304	cnn	0.0001	512	256	avg	0.886
356	gated_cnn	0.0001	512	128	avg	0.886
381	stack_gated_cnn	0.001	128	128	max	0.886
387	stack_gated_cnn	0.001	256	128	max	0.886
401	stack_gated_cnn	0.0001	128	256	max	0.886
404	stack_gated_cnn	0.0001	256	128	avg	0.886
408	stack_gated_cnn	0.0001	512	64	avg	0.886
429	stack_gated_cnn	0.00001	512	128	max	0.886
456	rcnn	0.0001	256	64	avg	0.886
508	bert	0.0001	128	256	avg	0.886
520	bert	0.0001	512	256	avg	0.886
532	bert	0.00001	256	256	avg	0.886
538	bert	0.00001	512	256	avg	0.886
628	bert_cnn	0.0001	768	256	avg	0.886
670	bert_mid_layer	0.0001	128	256	avg	0.886
684	bert_mid_layer	0.00001	128	64	avg	0.886
693	bert_mid_layer	0.00001	256	128	max	0.886
51	cnn	0.00001	512	128	max	0.885
60	fast_text	0.001	256	64	avg	0.885
66	fast_text	0.001	512	64	avg	0.885
126	lstm	0.0001	128	64	avg	0.885
128	lstm	0.0001	128	128	avg	0.885
179	gru	0.001	512	256	max	0.885
197	gru	0.0001	512	256	max	0.885
211	gru	0.00001	512	64	max	0.885
220	rnn	0.001	128	256	avg	0.885
270	cnn	0.001	128	64	avg	0.885
273	cnn	0.001	128	128	max	0.885
285	cnn	0.001	512	128	max	0.885
303	cnn	0.0001	512	128	max	0.885
396	stack_gated_cnn	0.0001	128	64	avg	0.885
398	stack_gated_cnn	0.0001	128	128	avg	0.885
433	rcnn	0.001	128	64	max	0.885
462	rcnn	0.0001	512	64	avg	0.885
511	bert	0.0001	256	64	max	0.885
611	bert_cnn	0.001	768	256	max	0.885
627	bert_cnn	0.0001	768	128	max	0.885
629	bert_cnn	0.0001	768	256	max	0.885
680	bert_mid_layer	0.0001	512	128	avg	0.885
697	bert_mid_layer	0.00001	512	64	max	0.885
30	cnn	0.0001	512	64	avg	0.884
68	fast_text	0.001	512	128	avg	0.884
136	lstm	0.0001	256	256	avg	0.884
172	gru	0.001	256	256	avg	0.884
187	gru	0.0001	256	64	max	0.884
188	gru	0.0001	256	128	avg	0.884
218	rnn	0.001	128	128	avg	0.884
326	gated_cnn	0.001	128	128	avg	0.884
329	gated_cnn	0.001	128	256	max	0.884
335	gated_cnn	0.001	256	256	max	0.884
426	stack_gated_cnn	0.00001	512	64	avg	0.884
577	bert_lstm	0.00001	128	64	max	0.884
589	bert_lstm	0.00001	512	64	max	0.884
621	bert_cnn	0.0001	768	128	max	0.884
644	bert_cnn	0.00001	768	128	avg	0.884
669	bert_mid_layer	0.0001	128	128	max	0.884
689	bert_mid_layer	0.00001	128	256	max	0.884
691	bert_mid_layer	0.00001	256	64	max	0.884
14	cnn	0.001	512	128	avg	0.883
108	lstm	0.001	128	64	avg	0.883
129	lstm	0.0001	128	128	max	0.883
156	lstm	0.00001	512	64	avg	0.883
181	gru	0.0001	128	64	max	0.883
182	gru	0.0001	128	128	avg	0.883
189	gru	0.0001	256	128	max	0.883
210	gru	0.00001	512	64	avg	0.883
223	rnn	0.001	256	64	max	0.883
287	cnn	0.001	512	256	max	0.883
410	stack_gated_cnn	0.0001	512	128	avg	0.883
432	rcnn	0.001	128	64	avg	0.883
440	rcnn	0.001	256	128	avg	0.883
450	rcnn	0.0001	128	64	avg	0.883
571	bert_lstm	0.0001	512	64	max	0.883
592	bert_lstm	0.00001	512	256	avg	0.883
619	bert_cnn	0.0001	768	64	max	0.883
675	bert_mid_layer	0.0001	256	128	max	0.883
681	bert_mid_layer	0.0001	512	128	max	0.883
694	bert_mid_layer	0.00001	256	256	avg	0.883
8	cnn	0.001	256	128	avg	0.882
61	fast_text	0.001	256	64	max	0.882
124	lstm	0.001	512	256	avg	0.882
137	lstm	0.0001	256	256	max	0.882
159	lstm	0.00001	512	128	max	0.882
163	gru	0.001	128	64	max	0.882
191	gru	0.0001	256	256	max	0.882
217	rnn	0.001	128	64	max	0.882
224	rnn	0.001	256	128	avg	0.882
251	rnn	0.0001	512	256	max	0.882
272	cnn	0.001	128	128	avg	0.882
284	cnn	0.001	512	128	avg	0.882
293	cnn	0.0001	128	256	max	0.882
383	stack_gated_cnn	0.001	128	256	max	0.882
421	stack_gated_cnn	0.00001	256	64	max	0.882
460	rcnn	0.0001	256	256	avg	0.882
463	rcnn	0.0001	512	64	max	0.882
466	rcnn	0.0001	512	256	avg	0.882
497	bert	0.001	256	256	max	0.882
516	bert	0.0001	512	64	avg	0.882
568	bert_lstm	0.0001	256	256	avg	0.882
591	bert_lstm	0.00001	512	128	max	0.882
603	bert_cnn	0.001	768	128	max	0.882
615	bert_cnn	0.0001	768	128	max	0.882
636	bert_cnn	0.00001	768	64	avg	0.882
646	bert_cnn	0.00001	768	256	avg	0.882
679	bert_mid_layer	0.0001	512	64	max	0.882
700	bert_mid_layer	0.00001	512	256	avg	0.882
2	cnn	0.001	128	128	avg	0.881
26	cnn	0.0001	256	128	avg	0.881
110	lstm	0.001	128	128	avg	0.881
157	lstm	0.00001	512	64	max	0.881
171	gru	0.001	256	128	max	0.881
177	gru	0.001	512	128	max	0.881
184	gru	0.0001	128	256	avg	0.881
185	gru	0.0001	128	256	max	0.881
186	gru	0.0001	256	64	avg	0.881
232	rnn	0.001	512	256	avg	0.881
271	cnn	0.001	128	64	max	0.881
334	gated_cnn	0.001	256	256	avg	0.881
377	gated_cnn	0.00001	512	256	max	0.881
382	stack_gated_cnn	0.001	128	256	avg	0.881
439	rcnn	0.001	256	64	max	0.881
443	rcnn	0.001	256	256	max	0.881
446	rcnn	0.001	512	128	avg	0.881
455	rcnn	0.0001	128	256	max	0.881
496	bert	0.001	256	256	avg	0.881
518	bert	0.0001	512	128	avg	0.881
586	bert_lstm	0.00001	256	256	avg	0.881
593	bert_lstm	0.00001	512	256	max	0.881
701	bert_mid_layer	0.00001	512	256	max	0.881
6	cnn	0.001	256	64	avg	0.88
43	cnn	0.00001	256	64	max	0.88
112	lstm	0.001	128	256	avg	0.88
113	lstm	0.001	128	256	max	0.88
117	lstm	0.001	256	128	max	0.88
143	lstm	0.0001	512	256	max	0.88
158	lstm	0.00001	512	128	avg	0.88
169	gru	0.001	256	64	max	0.88
274	cnn	0.001	128	256	avg	0.88
276	cnn	0.001	256	64	avg	0.88
352	gated_cnn	0.0001	256	256	avg	0.88
391	stack_gated_cnn	0.001	512	64	max	0.88
438	rcnn	0.001	256	64	avg	0.88
506	bert	0.0001	128	128	avg	0.88
640	bert_cnn	0.00001	768	256	avg	0.88
659	bert_mid_layer	0.001	256	256	max	0.88
688	bert_mid_layer	0.00001	128	256	avg	0.88
699	bert_mid_layer	0.00001	512	128	max	0.88
12	cnn	0.001	512	64	avg	0.879
32	cnn	0.0001	512	128	avg	0.879
34	cnn	0.0001	512	256	avg	0.879
71	fast_text	0.001	512	256	max	0.879
119	lstm	0.001	256	256	max	0.879
142	lstm	0.0001	512	256	avg	0.879
180	gru	0.0001	128	64	avg	0.879
216	rnn	0.001	128	64	avg	0.879
225	rnn	0.001	256	128	max	0.879
337	gated_cnn	0.001	512	64	max	0.879
449	rcnn	0.001	512	256	max	0.879
576	bert_lstm	0.00001	128	64	avg	0.879
580	bert_lstm	0.00001	128	256	avg	0.879
584	bert_lstm	0.00001	256	128	avg	0.879
695	bert_mid_layer	0.00001	256	256	max	0.879
67	fast_text	0.001	512	64	max	0.878
109	lstm	0.001	128	64	max	0.878
228	rnn	0.001	512	64	avg	0.878
234	rnn	0.0001	128	64	avg	0.878
240	rnn	0.0001	256	64	avg	0.878
250	rnn	0.0001	512	256	avg	0.878
286	cnn	0.001	512	256	avg	0.878
294	cnn	0.0001	256	64	avg	0.878
302	cnn	0.0001	512	128	avg	0.878
321	cnn	0.00001	512	128	max	0.878
339	gated_cnn	0.001	512	128	max	0.878
393	stack_gated_cnn	0.001	512	128	max	0.878
487	bert	0.001	128	64	max	0.878
510	bert	0.0001	256	64	avg	0.878
514	bert	0.0001	256	256	avg	0.878
552	bert_lstm	0.001	512	64	avg	0.878
561	bert_lstm	0.0001	128	128	max	0.878
569	bert_lstm	0.0001	256	256	max	0.878
582	bert_lstm	0.00001	256	64	avg	0.878
595	bert_cnn	0.001	768	64	max	0.878
16	cnn	0.001	512	256	avg	0.877
69	fast_text	0.001	512	128	max	0.877
132	lstm	0.0001	256	64	avg	0.877
141	lstm	0.0001	512	128	max	0.877
178	gru	0.001	512	256	avg	0.877
241	rnn	0.0001	256	64	max	0.877
313	cnn	0.00001	256	64	max	0.877
325	gated_cnn	0.001	128	64	max	0.877
338	gated_cnn	0.001	512	128	avg	0.877
340	gated_cnn	0.001	512	256	avg	0.877
367	gated_cnn	0.00001	256	64	max	0.877
385	stack_gated_cnn	0.001	256	64	max	0.877
437	rcnn	0.001	128	256	max	0.877
495	bert	0.001	256	128	max	0.877
512	bert	0.0001	256	128	avg	0.877
581	bert_lstm	0.00001	128	256	max	0.877
587	bert_lstm	0.00001	256	256	max	0.877
616	bert_cnn	0.0001	768	256	avg	0.877
682	bert_mid_layer	0.0001	512	256	avg	0.877
10	cnn	0.001	256	256	avg	0.876
53	cnn	0.00001	512	256	max	0.876
58	fast_text	0.001	128	256	avg	0.876
183	gru	0.0001	128	128	max	0.876
246	rnn	0.0001	512	64	avg	0.876
296	cnn	0.0001	256	128	avg	0.876
323	cnn	0.00001	512	256	max	0.876
332	gated_cnn	0.001	256	128	avg	0.876
333	gated_cnn	0.001	256	128	max	0.876
341	gated_cnn	0.001	512	256	max	0.876
436	rcnn	0.001	128	256	avg	0.876
483	rcnn	0.00001	512	128	max	0.876
498	bert	0.001	512	64	avg	0.876
554	bert_lstm	0.001	512	128	avg	0.876
578	bert_lstm	0.00001	128	128	avg	0.876
672	bert_mid_layer	0.0001	256	64	avg	0.876
65	fast_text	0.001	256	256	max	0.875
130	lstm	0.0001	128	256	avg	0.875
164	gru	0.001	128	128	avg	0.875
168	gru	0.001	256	64	avg	0.875
226	rnn	0.001	256	256	avg	0.875
264	rnn	0.00001	512	64	avg	0.875
331	gated_cnn	0.001	256	64	max	0.875
384	stack_gated_cnn	0.001	256	64	avg	0.875
392	stack_gated_cnn	0.001	512	128	avg	0.875
458	rcnn	0.0001	256	128	avg	0.875
490	bert	0.001	128	256	avg	0.875
503	bert	0.001	512	256	max	0.875
607	bert_cnn	0.001	768	64	max	0.875
676	bert_mid_layer	0.0001	256	256	avg	0.875
3	cnn	0.001	128	128	max	0.874
4	cnn	0.001	128	256	avg	0.874
63	fast_text	0.001	256	128	max	0.874
140	lstm	0.0001	512	128	avg	0.874
173	gru	0.001	256	256	max	0.874
245	rnn	0.0001	256	256	max	0.874
388	stack_gated_cnn	0.001	256	256	avg	0.874
444	rcnn	0.001	512	64	avg	0.874
447	rcnn	0.001	512	128	max	0.874
565	bert_lstm	0.0001	256	64	max	0.874
651	bert_mid_layer	0.001	128	128	max	0.874
662	bert_mid_layer	0.001	512	128	avg	0.874
664	bert_mid_layer	0.001	512	256	avg	0.874
668	bert_mid_layer	0.0001	128	128	avg	0.874
55	fast_text	0.001	128	64	max	0.873
125	lstm	0.001	512	256	max	0.873
131	lstm	0.0001	128	256	max	0.873
170	gru	0.001	256	128	avg	0.873
324	gated_cnn	0.001	128	64	avg	0.873
406	stack_gated_cnn	0.0001	256	256	avg	0.873
480	rcnn	0.00001	512	64	avg	0.873
547	bert_lstm	0.001	256	64	max	0.873
556	bert_lstm	0.001	512	256	avg	0.873
596	bert_cnn	0.001	768	128	avg	0.873
614	bert_cnn	0.0001	768	128	avg	0.873
114	lstm	0.001	256	64	avg	0.872
138	lstm	0.0001	512	64	avg	0.872
174	gru	0.001	512	64	avg	0.872
195	gru	0.0001	512	128	max	0.872
280	cnn	0.001	256	256	avg	0.872
282	cnn	0.001	512	64	avg	0.872
327	gated_cnn	0.001	128	128	max	0.872
330	gated_cnn	0.001	256	64	avg	0.872
336	gated_cnn	0.001	512	64	avg	0.872
344	gated_cnn	0.0001	128	128	avg	0.872
431	stack_gated_cnn	0.00001	512	256	max	0.872
549	bert_lstm	0.001	256	128	max	0.872
551	bert_lstm	0.001	256	256	max	0.872
599	bert_cnn	0.001	768	256	max	0.872
653	bert_mid_layer	0.001	128	256	max	0.872
13	cnn	0.001	512	64	max	0.871
18	cnn	0.0001	128	64	avg	0.871
222	rnn	0.001	256	64	avg	0.871
248	rnn	0.0001	512	128	avg	0.871
378	stack_gated_cnn	0.001	128	64	avg	0.871
574	bert_lstm	0.0001	512	256	avg	0.871
575	bert_lstm	0.0001	512	256	max	0.871
620	bert_cnn	0.0001	768	128	avg	0.871
654	bert_mid_layer	0.001	256	64	avg	0.871
24	cnn	0.0001	256	64	avg	0.87
120	lstm	0.001	512	64	avg	0.87
162	gru	0.001	128	64	avg	0.87
176	gru	0.001	512	128	avg	0.87
192	gru	0.0001	512	64	avg	0.87
213	gru	0.00001	512	128	max	0.87
390	stack_gated_cnn	0.001	512	64	avg	0.87
394	stack_gated_cnn	0.001	512	256	avg	0.87
428	stack_gated_cnn	0.00001	512	128	avg	0.87
488	bert	0.001	128	128	avg	0.87
570	bert_lstm	0.0001	512	64	avg	0.87
678	bert_mid_layer	0.0001	512	64	avg	0.87
59	fast_text	0.001	128	256	max	0.869
111	lstm	0.001	128	128	max	0.869
166	gru	0.001	128	256	avg	0.869
204	gru	0.00001	256	64	avg	0.869
242	rnn	0.0001	256	128	avg	0.869
380	stack_gated_cnn	0.001	128	128	avg	0.869
492	bert	0.001	256	64	avg	0.869
502	bert	0.001	512	256	avg	0.869
543	bert_lstm	0.001	128	128	max	0.869
555	bert_lstm	0.001	512	128	max	0.869
597	bert_cnn	0.001	768	128	max	0.869
606	bert_cnn	0.001	768	64	avg	0.869
650	bert_mid_layer	0.001	128	128	avg	0.869
28	cnn	0.0001	256	256	avg	0.868
57	fast_text	0.001	128	128	max	0.868
194	gru	0.0001	512	128	avg	0.868
235	rnn	0.0001	128	64	max	0.868
558	bert_lstm	0.0001	128	64	avg	0.868
560	bert_lstm	0.0001	128	128	avg	0.868
608	bert_cnn	0.001	768	128	avg	0.868
84	fast_text	0.0001	512	64	avg	0.867
244	rnn	0.0001	256	256	avg	0.867
486	bert	0.001	128	64	avg	0.867
604	bert_cnn	0.001	768	256	avg	0.867
609	bert_cnn	0.001	768	128	max	0.867
626	bert_cnn	0.0001	768	128	avg	0.867
648	bert_mid_layer	0.001	128	64	avg	0.867
48	cnn	0.00001	512	64	avg	0.866
118	lstm	0.001	256	256	avg	0.866
372	gated_cnn	0.00001	512	64	avg	0.866
445	rcnn	0.001	512	64	max	0.866
452	rcnn	0.0001	128	128	avg	0.866
485	rcnn	0.00001	512	256	max	0.866
540	bert_lstm	0.001	128	64	avg	0.866
544	bert_lstm	0.001	128	256	avg	0.866
545	bert_lstm	0.001	128	256	max	0.866
572	bert_lstm	0.0001	512	128	avg	0.866
618	bert_cnn	0.0001	768	64	avg	0.866
674	bert_mid_layer	0.0001	256	128	avg	0.866
692	bert_mid_layer	0.00001	256	128	avg	0.866
369	gated_cnn	0.00001	256	128	max	0.865
386	stack_gated_cnn	0.001	256	128	avg	0.865
441	rcnn	0.001	256	128	max	0.865
491	bert	0.001	128	256	max	0.865
501	bert	0.001	512	128	max	0.865
557	bert_lstm	0.001	512	256	max	0.865
594	bert_cnn	0.001	768	64	avg	0.865
600	bert_cnn	0.001	768	64	avg	0.865
649	bert_mid_layer	0.001	128	64	max	0.865
656	bert_mid_layer	0.001	256	128	avg	0.865
214	gru	0.00001	512	256	avg	0.864
475	rcnn	0.00001	256	64	max	0.864
482	rcnn	0.00001	512	128	avg	0.864
489	bert	0.001	128	128	max	0.864
559	bert_lstm	0.0001	128	64	max	0.864
563	bert_lstm	0.0001	128	256	max	0.864
566	bert_lstm	0.0001	256	128	avg	0.864
612	bert_cnn	0.0001	768	64	avg	0.864
622	bert_cnn	0.0001	768	256	avg	0.864
655	bert_mid_layer	0.001	256	64	max	0.864
236	rnn	0.0001	128	128	avg	0.863
448	rcnn	0.001	512	256	avg	0.863
658	bert_mid_layer	0.001	256	256	avg	0.863
499	bert	0.001	512	64	max	0.862
500	bert	0.001	512	128	avg	0.862
564	bert_lstm	0.0001	256	64	avg	0.862
266	rnn	0.00001	512	128	avg	0.861
605	bert_cnn	0.001	768	256	max	0.861
666	bert_mid_layer	0.0001	128	64	avg	0.861
15	cnn	0.001	512	128	max	0.86
265	rnn	0.00001	512	64	max	0.86
298	cnn	0.0001	256	256	avg	0.86
423	stack_gated_cnn	0.00001	256	128	max	0.86
494	bert	0.001	256	128	avg	0.86
542	bert_lstm	0.001	128	128	avg	0.86
567	bert_lstm	0.0001	256	128	max	0.86
652	bert_mid_layer	0.001	128	256	avg	0.86
160	lstm	0.00001	512	256	avg	0.859
237	rnn	0.0001	128	128	max	0.859
267	rnn	0.00001	512	128	max	0.859
504	bert	0.0001	128	64	avg	0.859
598	bert_cnn	0.001	768	256	avg	0.859
657	bert_mid_layer	0.001	256	128	max	0.859
85	fast_text	0.0001	512	64	max	0.858
400	stack_gated_cnn	0.0001	128	256	avg	0.858
546	bert_lstm	0.001	256	64	avg	0.858
20	cnn	0.0001	128	128	avg	0.857
260	rnn	0.00001	256	128	avg	0.857
230	rnn	0.001	512	128	avg	0.856
374	gated_cnn	0.00001	512	128	avg	0.856
454	rcnn	0.0001	128	256	avg	0.856
550	bert_lstm	0.001	256	256	avg	0.856
288	cnn	0.0001	128	64	avg	0.855
206	gru	0.00001	256	128	avg	0.854
290	cnn	0.0001	128	128	avg	0.854
318	cnn	0.00001	512	64	avg	0.854
420	stack_gated_cnn	0.00001	256	64	avg	0.854
22	cnn	0.0001	128	256	avg	0.853
292	cnn	0.0001	128	256	avg	0.853
553	bert_lstm	0.001	512	64	max	0.853
663	bert_mid_layer	0.001	512	128	max	0.853
205	gru	0.00001	256	64	max	0.852
150	lstm	0.00001	256	64	avg	0.851
268	rnn	0.00001	512	256	avg	0.851
601	bert_cnn	0.001	768	64	max	0.851
346	gated_cnn	0.0001	128	256	avg	0.85
45	cnn	0.00001	256	128	max	0.849
151	lstm	0.00001	256	64	max	0.849
238	rnn	0.0001	128	256	avg	0.849
320	cnn	0.00001	512	128	avg	0.849
474	rcnn	0.00001	256	64	avg	0.849
493	bert	0.001	256	64	max	0.848
665	bert_mid_layer	0.001	512	256	max	0.848
87	fast_text	0.0001	512	128	max	0.847
283	cnn	0.001	512	64	max	0.847
47	cnn	0.00001	256	256	max	0.846
239	rnn	0.0001	128	256	max	0.845
50	cnn	0.00001	512	128	avg	0.844
78	fast_text	0.0001	256	64	avg	0.844
361	gated_cnn	0.00001	128	64	max	0.844
312	cnn	0.00001	256	64	avg	0.843
315	cnn	0.00001	256	128	max	0.843
371	gated_cnn	0.00001	256	256	max	0.843
415	stack_gated_cnn	0.00001	128	64	max	0.843
548	bert_lstm	0.001	256	128	avg	0.843
541	bert_lstm	0.001	128	64	max	0.842
602	bert_cnn	0.001	768	128	avg	0.842
660	bert_mid_layer	0.001	512	64	avg	0.842
258	rnn	0.00001	256	64	avg	0.841
215	gru	0.00001	512	256	max	0.84
86	fast_text	0.0001	512	128	avg	0.838
161	lstm	0.00001	512	256	max	0.838
484	rcnn	0.00001	512	256	avg	0.838
42	cnn	0.00001	256	64	avg	0.837
152	lstm	0.00001	256	128	avg	0.837
37	cnn	0.00001	128	64	max	0.836
259	rnn	0.00001	256	64	max	0.836
317	cnn	0.00001	256	256	max	0.835
661	bert_mid_layer	0.001	512	64	max	0.835
477	rcnn	0.00001	256	128	max	0.834
430	stack_gated_cnn	0.00001	512	256	avg	0.833
610	bert_cnn	0.001	768	256	avg	0.833
366	gated_cnn	0.00001	256	64	avg	0.832
376	gated_cnn	0.00001	512	256	avg	0.832
425	stack_gated_cnn	0.00001	256	256	max	0.832
307	cnn	0.00001	128	64	max	0.831
207	gru	0.00001	256	128	max	0.83
422	stack_gated_cnn	0.00001	256	128	avg	0.83
153	lstm	0.00001	256	128	max	0.829
322	cnn	0.00001	512	256	avg	0.829
314	cnn	0.00001	256	128	avg	0.825
52	cnn	0.00001	512	256	avg	0.823
72	fast_text	0.0001	128	64	avg	0.821
252	rnn	0.00001	128	64	avg	0.821
254	rnn	0.00001	128	128	avg	0.821
79	fast_text	0.0001	256	64	max	0.818
269	rnn	0.00001	512	256	max	0.818
198	gru	0.00001	128	64	avg	0.817
80	fast_text	0.0001	256	128	avg	0.816
89	fast_text	0.0001	512	256	max	0.815
88	fast_text	0.0001	512	256	avg	0.814
469	rcnn	0.00001	128	64	max	0.814
144	lstm	0.00001	128	64	avg	0.812
363	gated_cnn	0.00001	128	128	max	0.81
368	gated_cnn	0.00001	256	128	avg	0.807
262	rnn	0.00001	256	256	avg	0.806
36	cnn	0.00001	128	64	avg	0.804
417	stack_gated_cnn	0.00001	128	128	max	0.803
476	rcnn	0.00001	256	128	avg	0.803
44	cnn	0.00001	256	128	avg	0.801
199	gru	0.00001	128	64	max	0.801
414	stack_gated_cnn	0.00001	128	64	avg	0.801
39	cnn	0.00001	128	128	max	0.798
468	rcnn	0.00001	128	64	avg	0.794
261	rnn	0.00001	256	128	max	0.793
309	cnn	0.00001	128	128	max	0.793
479	rcnn	0.00001	256	256	max	0.792
306	cnn	0.00001	128	64	avg	0.791
360	gated_cnn	0.00001	128	64	avg	0.788
46	cnn	0.00001	256	256	avg	0.786
73	fast_text	0.0001	128	64	max	0.783
424	stack_gated_cnn	0.00001	256	256	avg	0.781
316	cnn	0.00001	256	256	avg	0.78
74	fast_text	0.0001	128	128	avg	0.779
81	fast_text	0.0001	256	128	max	0.776
145	lstm	0.00001	128	64	max	0.776
365	gated_cnn	0.00001	128	256	max	0.774
209	gru	0.00001	256	256	max	0.773
82	fast_text	0.0001	256	256	avg	0.771
311	cnn	0.00001	128	256	max	0.769
416	stack_gated_cnn	0.00001	128	128	avg	0.767
83	fast_text	0.0001	256	256	max	0.765
155	lstm	0.00001	256	256	max	0.765
76	fast_text	0.0001	128	256	avg	0.762
41	cnn	0.00001	128	256	max	0.761
308	cnn	0.00001	128	128	avg	0.761
75	fast_text	0.0001	128	128	max	0.76
38	cnn	0.00001	128	128	avg	0.755
471	rcnn	0.00001	128	128	max	0.755
208	gru	0.00001	256	256	avg	0.754
102	fast_text	0.00001	512	64	avg	0.752
263	rnn	0.00001	256	256	max	0.752
370	gated_cnn	0.00001	256	256	avg	0.743
253	rnn	0.00001	128	64	max	0.737
40	cnn	0.00001	128	256	avg	0.735
77	fast_text	0.0001	128	256	max	0.734
362	gated_cnn	0.00001	128	128	avg	0.734
200	gru	0.00001	128	128	avg	0.729
255	rnn	0.00001	128	128	max	0.725
364	gated_cnn	0.00001	128	256	avg	0.719
91	fast_text	0.00001	128	64	max	0.718
104	fast_text	0.00001	512	128	avg	0.715
201	gru	0.00001	128	128	max	0.713
478	rcnn	0.00001	256	256	avg	0.713
154	lstm	0.00001	256	256	avg	0.71
98	fast_text	0.00001	256	128	avg	0.708
418	stack_gated_cnn	0.00001	128	256	avg	0.708
147	lstm	0.00001	128	128	max	0.707
97	fast_text	0.00001	256	64	max	0.706
107	fast_text	0.00001	512	256	max	0.704
149	lstm	0.00001	128	256	max	0.702
310	cnn	0.00001	128	256	avg	0.702
257	rnn	0.00001	128	256	max	0.701
103	fast_text	0.00001	512	64	max	0.7
148	lstm	0.00001	128	256	avg	0.698
99	fast_text	0.00001	256	128	max	0.697
106	fast_text	0.00001	512	256	avg	0.697
473	rcnn	0.00001	128	256	max	0.697
203	gru	0.00001	128	256	max	0.696
90	fast_text	0.00001	128	64	avg	0.695
146	lstm	0.00001	128	128	avg	0.695
96	fast_text	0.00001	256	64	avg	0.694
202	gru	0.00001	128	256	avg	0.694
256	rnn	0.00001	128	256	avg	0.694
470	rcnn	0.00001	128	128	avg	0.694
472	rcnn	0.00001	128	256	avg	0.693
101	fast_text	0.00001	256	256	max	0.692
93	fast_text	0.00001	128	128	max	0.689
105	fast_text	0.00001	512	128	max	0.683
92	fast_text	0.00001	128	128	avg	0.675
95	fast_text	0.00001	128	256	max	0.669
100	fast_text	0.00001	256	256	avg	0.664
419	stack_gated_cnn	0.00001	128	256	max	0.423
94	fast_text	0.00001	128	256	avg	0.354
