model	learning_rate	hidden_size	batch_size	pooling_style	acc	time	acc	time
gated_cnn	0.0001	128	20	avg	0.461111111	6.42327714	0.461111111	6.42327714
gated_cnn	0.0001	128	20	max	0.561111111	9.508527756	0.561111111	9.508527756
gated_cnn	0.0001	128	64	avg	0.372222222	4.480345011	0.372222222	4.480345011
gated_cnn	0.0001	128	64	max	0.475	4.46814847	0.475	4.46814847
gated_cnn	0.0001	128	128	avg	0.388888889	3.315553188	0.388888889	3.315553188
gated_cnn	0.0001	128	128	max	0.391666667	3.354024172	0.391666667	3.354024172
gated_cnn	0.0001	512	20	avg	0.691666667	38.81793475	0.691666667	38.81793475
gated_cnn	0.0001	512	20	max	0.716666667	47.05027676	0.716666667	47.05027676
gated_cnn	0.0001	512	64	avg	0.647222222	35.34392333	0.647222222	35.34392333
gated_cnn	0.0001	512	64	max	0.702777778	35.22457004	0.702777778	35.22457004
gated_cnn	0.0001	512	128	avg	0.575	32.63180423	0.575	32.63180423
gated_cnn	0.0001	512	128	max	0.655555556	32.8945508	0.655555556	32.8945508
gated_cnn	0.001	128	20	avg	0.666666667	9.009708405	0.666666667	9.009708405
gated_cnn	0.001	128	20	max	0.675	9.33047533	0.675	9.33047533
gated_cnn	0.001	128	64	avg	0.633333333	4.729997396	0.633333333	4.729997396
gated_cnn	0.001	128	64	max	0.65	4.812521458	0.65	4.812521458
gated_cnn	0.001	128	128	avg	0.625	3.735489607	0.625	3.735489607
gated_cnn	0.001	128	128	max	0.652777778	3.826101065	0.652777778	3.826101065
gated_cnn	0.001	512	20	avg	0.694444444	47.20836926	0.694444444	47.20836926
gated_cnn	0.001	512	20	max	0.727777778	47.54375815	0.727777778	47.54375815
gated_cnn	0.001	512	64	avg	0.691666667	35.0799067	0.691666667	35.0799067
gated_cnn	0.001	512	64	max	0.705555556	35.30403304	0.705555556	35.30403304
gated_cnn	0.001	512	128	avg	0.686111111	32.95005965	0.686111111	32.95005965
gated_cnn	0.001	512	128	max	0.733333333	32.68631744	0.733333333	32.68631744
bert	0.0001	768	20	avg	0.844444444	2308.871493	0.844444444	2308.871493
bert	0.0001	768	20	max	0.811111111	2092.069746	0.811111111	2092.069746
bert	0.0001	768	64	avg	0.827777778	1983.955162	0.827777778	1983.955162
bert	0.0001	768	64	max	0.833333333	1846.428107	0.833333333	1846.428107
bert	0.0001	768	128	avg	0.836111111	1853.463002	0.836111111	1853.463002
bert	0.0001	768	128	max	0.830555556	1864.659458	0.830555556	1864.659458
bert	0.0001	768	20	avg	0.808333333	2369.519861	0.808333333	2369.519861
bert	0.0001	768	20	max	0.063888889	2336.588738	0.063888889	2336.588738
bert	0.0001	768	64	avg	0.819444444	2005.349524	0.819444444	2005.349524
bert	0.0001	768	64	max	0.822222222	1995.344365	0.822222222	1995.344365
bert	0.0001	768	128	avg	0.858333333	1867.065566	0.858333333	1867.065566
bert	0.0001	768	128	max	0.861111111	1875.673367	0.861111111	1875.673367
bert	0.001	768	20	avg	0.063888889	2356.586506	0.063888889	2356.586506
bert	0.001	768	20	max	0.052777778	2331.574953	0.052777778	2331.574953
bert	0.001	768	64	avg	0.036111111	2021.781512	0.036111111	2021.781512
bert	0.001	768	64	max	0.05	2055.741245	0.05	2055.741245
bert	0.001	768	128	avg	0.044444444	1793.295295	0.044444444	1793.295295
bert	0.001	768	128	max	0.05	1859.595076	0.05	1859.595076
bert	0.001	768	20	avg	0.063888889	2581.938019	0.063888889	2581.938019
bert	0.001	768	20	max	0.069444444	2584.616211	0.069444444	2584.616211
bert	0.001	768	64	avg	0.036111111	2177.46677	0.036111111	2177.46677
bert	0.001	768	64	max	0.061111111	2178.321827	0.061111111	2178.321827
bert	0.001	768	128	avg	0.055555556	1975.678768	0.055555556	1975.678768
bert	0.001	768	128	max	0.063888889	1988.393713	0.063888889	1988.393713
rnn	0.0001	128	20	avg	0.383333333	38.06911278	0.383333333	38.06911278
rnn	0.0001	128	20	max	0.411111111	38.38305068	0.411111111	38.38305068
rnn	0.0001	128	64	avg	0.258333333	14.48470879	0.258333333	14.48470879
rnn	0.0001	128	64	max	0.330555556	14.62601018	0.330555556	14.62601018
rnn	0.0001	128	128	avg	0.272222222	9.877735615	0.272222222	9.877735615
rnn	0.0001	128	128	max	0.283333333	9.743072987	0.283333333	9.743072987
rnn	0.0001	512	20	avg	0.583333333	82.37855101	0.583333333	82.37855101
rnn	0.0001	512	20	max	0.644444444	83.47316813	0.644444444	83.47316813
rnn	0.0001	512	64	avg	0.544444444	48.16168308	0.544444444	48.16168308
rnn	0.0001	512	64	max	0.680555556	49.3291111	0.680555556	49.3291111
rnn	0.0001	512	128	avg	0.511111111	39.20066595	0.511111111	39.20066595
rnn	0.0001	512	128	max	0.602777778	39.5700686	0.602777778	39.5700686
rnn	0.001	128	20	avg	0.511111111	40.84616661	0.511111111	40.84616661
rnn	0.001	128	20	max	0.625	41.08632326	0.625	41.08632326
rnn	0.001	128	64	avg	0.491666667	15.4796989	0.491666667	15.4796989
rnn	0.001	128	64	max	0.597222222	15.81441021	0.597222222	15.81441021
rnn	0.001	128	128	avg	0.452777778	9.964482069	0.452777778	9.964482069
rnn	0.001	128	128	max	0.633333333	10.11362743	0.633333333	10.11362743
rnn	0.001	512	20	avg	0.636111111	81.61253786	0.636111111	81.61253786
rnn	0.001	512	20	max	0.638888889	82.47693491	0.638888889	82.47693491
rnn	0.001	512	64	avg	0.6	48.47285032	0.6	48.47285032
rnn	0.001	512	64	max	0.702777778	49.04924536	0.702777778	49.04924536
rnn	0.001	512	128	avg	0.608333333	39.01759148	0.608333333	39.01759148
rnn	0.001	512	128	max	0.7	39.66120577	0.7	39.66120577
lstm	0.0001	128	20	avg	0.502777778	25.44699359	0.502777778	25.44699359
lstm	0.0001	128	20	max	0.469444444	26.42181897	0.469444444	26.42181897
lstm	0.0001	128	64	avg	0.375	13.03234339	0.375	13.03234339
lstm	0.0001	128	64	max	0.305555556	13.25289321	0.305555556	13.25289321
lstm	0.0001	128	128	avg	0.113888889	10.82662177	0.113888889	10.82662177
lstm	0.0001	128	128	max	0.175	10.65107203	0.175	10.65107203
lstm	0.0001	512	20	avg	0.583333333	143.8705714	0.583333333	143.8705714
lstm	0.0001	512	20	max	0.65	144.2271311	0.65	144.2271311
lstm	0.0001	512	64	avg	0.569444444	107.5877554	0.569444444	107.5877554
lstm	0.0001	512	64	max	0.619444444	108.3356566	0.619444444	108.3356566
lstm	0.0001	512	128	avg	0.575	100.8058391	0.575	100.8058391
lstm	0.0001	512	128	max	0.577777778	101.0918834	0.577777778	101.0918834
lstm	0.001	128	20	avg	0.572222222	24.91493988	0.572222222	24.91493988
lstm	0.001	128	20	max	0.636111111	26.29048061	0.636111111	26.29048061
lstm	0.001	128	64	avg	0.572222222	13.21956515	0.572222222	13.21956515
lstm	0.001	128	64	max	0.566666667	13.36049175	0.566666667	13.36049175
lstm	0.001	128	128	avg	0.530555556	10.96788239	0.530555556	10.96788239
lstm	0.001	128	128	max	0.580555556	11.39011812	0.580555556	11.39011812
lstm	0.001	512	20	avg	0.619444444	141.8298576	0.619444444	141.8298576
lstm	0.001	512	20	max	0.7	141.3501964	0.7	141.3501964
lstm	0.001	512	64	avg	0.677777778	108.1706479	0.677777778	108.1706479
lstm	0.001	512	64	max	0.661111111	107.6075294	0.661111111	107.6075294
lstm	0.001	512	128	avg	0.672222222	101.6680102	0.672222222	101.6680102
lstm	0.001	512	128	max	0.675	101.5287464	0.675	101.5287464
bert_lstm	0.0001	128	20	avg	0.047222222	2269.200924	0.047222222	2269.200924
bert_lstm	0.0001	128	20	max	0.05	1967.392105	0.05	1967.392105
bert_lstm	0.0001	128	64	avg	0.036111111	2088.056249	0.036111111	2088.056249
bert_lstm	0.0001	128	64	max	0.219444444	2044.117593	0.219444444	2044.117593
bert_lstm	0.0001	128	128	avg	0.508333333	1803.659855	0.508333333	1803.659855
bert_lstm	0.0001	128	128	max	0.519444444	1887.598477	0.519444444	1887.598477
bert_lstm	0.0001	512	20	avg	0.036111111	2161.66496	0.036111111	2161.66496
bert_lstm	0.0001	512	20	max	0.036111111	2404.634761	0.036111111	2404.634761
bert_lstm	0.0001	512	64	avg	0.566666667	2057.263634	0.566666667	2057.263634
bert_lstm	0.0001	512	64	max	0.044444444	1915.980889	0.044444444	1915.980889
bert_lstm	0.0001	512	128	avg	0.452777778	2046.873471	0.452777778	2046.873471
bert_lstm	0.0001	512	128	max	0.530555556	1981.542138	0.530555556	1981.542138
bert_lstm	0.001	128	20	avg	0.036111111	2423.303356	0.036111111	2423.303356
bert_lstm	0.001	128	20	max	0.036111111	2451.58809	0.036111111	2451.58809
bert_lstm	0.001	128	64	avg	0.036111111	1936.624141	0.036111111	1936.624141
bert_lstm	0.001	128	64	max	0.036111111	1889.597095	0.036111111	1889.597095
bert_lstm	0.001	128	128	avg	0.036111111	1936.186433	0.036111111	1936.186433
bert_lstm	0.001	128	128	max	0.036111111	1803.621865	0.036111111	1803.621865
bert_lstm	0.001	512	20	avg	0.036111111	2182.478892	0.036111111	2182.478892
bert_lstm	0.001	512	20	max	0.036111111	2355.460329	0.036111111	2355.460329
bert_lstm	0.001	512	64	avg	0.036111111	1871.407349	0.036111111	1871.407349
bert_lstm	0.001	512	64	max	0.036111111	2186.826658	0.036111111	2186.826658
bert_lstm	0.001	512	128	avg	0.036111111	1998.644708	0.036111111	1998.644708
bert_lstm	0.001	512	128	max	0.036111111	2002.317703	0.036111111	2002.317703
gru	0.0001	128	20	avg	0.480555556	64.30223823	0.480555556	64.30223823
gru	0.0001	128	20	max	0.488888889	61.91979957	0.488888889	61.91979957
gru	0.0001	128	64	avg	0.333333333	29.91172838	0.333333333	29.91172838
gru	0.0001	128	64	max	0.319444444	29.57955194	0.319444444	29.57955194
gru	0.0001	128	128	avg	0.236111111	22.682235	0.236111111	22.682235
gru	0.0001	128	128	max	0.35	23.3155632	0.35	23.3155632
gru	0.0001	512	20	avg	0.627777778	276.3022156	0.627777778	276.3022156
gru	0.0001	512	20	max	0.669444444	250.4014282	0.669444444	250.4014282
gru	0.0001	512	64	avg	0.644444444	140.6128824	0.644444444	140.6128824
gru	0.0001	512	64	max	0.672222222	141.3398523	0.672222222	141.3398523
gru	0.0001	512	128	avg	0.622222222	124.0838454	0.622222222	124.0838454
gru	0.0001	512	128	max	0.627777778	126.6897225	0.627777778	126.6897225
gru	0.001	128	20	avg	0.658333333	88.94004846	0.658333333	88.94004846
gru	0.001	128	20	max	0.641666667	87.86758542	0.641666667	87.86758542
gru	0.001	128	64	avg	0.577777778	40.37906027	0.577777778	40.37906027
gru	0.001	128	64	max	0.655555556	30.27371049	0.655555556	30.27371049
gru	0.001	128	128	avg	0.586111111	24.06040645	0.586111111	24.06040645
gru	0.001	128	128	max	0.586111111	23.96970296	0.586111111	23.96970296
gru	0.001	512	20	avg	0.725	251.8611054	0.725	251.8611054
gru	0.001	512	20	max	0.741666667	223.4486547	0.741666667	223.4486547
gru	0.001	512	64	avg	0.725	123.9908221	0.725	123.9908221
gru	0.001	512	64	max	0.741666667	142.4574344	0.741666667	142.4574344
gru	0.001	512	128	avg	0.683333333	99.74987197	0.683333333	99.74987197
gru	0.001	512	128	max	0.727777778	111.1710978	0.727777778	111.1710978
